FONT1:
11111111
11111111
11111111
11000101
10110110
10110110
10110110
11010001

FONT2:
11111111
11111111
11111111
10000000
10110110
10110110
10110110
10110110

FONT3:
11111111
11111111
11111111
11100000
11010111
10110111
11010111
11100000

FONT4:
11111111
11111111
11111111
10000000
11011111
11101111
11011111
10000000

FONT5:
11111111 
11111111
11111111
11111111
11111111
11111111
11111111
11111111
	
FONT6:
11111111
11111111
11111111
10000000
11011111
11101111
11011111
10000000

FONT7:
11111111
11111111
11111111
11100000
11001111
10101111
11001111
11100000

FONT8:
11111111
11111111
11111111
10000110
10110110
10110110
10110110
10110000

FONT9:
11111111
11111111
11111111
10000000
10110111
10110011
10110101
10000110

FONT10:
11111111
11111111
11111111
11100000
11001111
10101111
11001111
11100000

FONT11:
11111111
11111111
11111111
10000000
10110111
10110111
10110111
10110111

FONT12:
11111111
11111111
11111111
11111111
10000000
11111111
11111111
11111111

FONT13:
11111111
11111111
11111111
11111111
11111111
11111111
11111111
11111111

FONT14:
11111111
11111111
11111111
10000000
11011111
11101111
11011111
10000000

FONT15:
11111111
11111111
11111111
10000000
11111110
11111110
11111110
10000000

FONT16:
11111111
11111111
11111111
10000011
11011111
11101111
11110111
10000011

FONT17:
11111111
11111111
11111111
11111111
10000000
11111111
11111111
11111111

FONT18:
11111111
11111111
11111111
11100000
11001111
10101111
11001111
11100000

FONT19:
11111111
11111111
11111111
11111111
11111111
11111111
11111111
11111111

FONT20:
11111111
11111111
11111111
11000101
10110110
10110110
10110110
11010001

FONT21:
11111111
11111111
11111111
11111111
10000000
11111111
11111111
11111111

FONT22:
11111111 
11111111
11111111
11100000
11010111
10110111
11010111
11100000

FONT23:
11111111
11111111
11111111
10000000
11011111
11101111
11011111
10000000

FONT24:
11111111
11111111
11111111
11111111
11111111
11111111
11111111
11111111

FONT25:
11111111
11111111
11111111
11000101
10110110
10110110
10110110
11010001

FONT26:
11111111
11111111
11111111
11100111
11011011
10111101
11011011
11100111

FONT27:
11111111
11111111
11111111
10111100
10111110
10111110
10111110
10000000

FONT28:
11111111
11111111
11111111
11111111
10000000
11111111
11111111
11111111

FONT29:
11111111
11111111
11111111
10000000
10110110
10110110
10110110
11000001

FONT30:
11111111
11111111
11111111
11111111
11111111
11111111
11111111
11111111
